128,35
3,1
3,3
10,170
10,138
10,172
10,286
10,238
10,12
10,92
10,2
9,7
9,6
9,1
9,4
9,3
8,12
8,6
8,9
8,11
8,2
8,3
125,3
125,2
125,1
125,0
124,7
124,6
124,5
124,4
124,3
124,2
124,1
124,0
123,6
123,5
123,4
123,3
123,2
123,1
123,0
20,3
20,2
20,1
19,3
19,2
19,1
12,3
12,2
12,1
11,27
11,26
11,25
11,24
11,23
11,22
11,21
11,20
11,19
11,18
11,17
11,16
11,15
11,14
11,13
11,12
11,11
11,10
11,9
11,8
11,7
11,6
11,5
11,4
11,3
11,2
11,1
10,307
10,303
10,299
10,298
10,296
10,293
10,291
10,289
10,288
10,279
10,277
10,276
18,1
10,275
10,274
10,265
10,263
10,262
10,261
18,3
10,259
10,254
10,253
14,1
10,252
14,3
10,242
13,1
10,239
10,234
10,225
10,223
13,3
10,221
10,220
10,218
10,216
